image: lvl12_NS_floorplan.pgm
resolution: 0.020000
origin: [-56.147554, -43.229902, 0.000000]
negate: 0
occupied_thresh: 0.65
free_thresh: 0.196

