# generated by ./add_map.bash
image: lvl9_northsouth.pgm
resolution: 0.020000
origin: [-72.840000, -77.320000, 0.000000]
negate: 0
occupied_thresh: 0.65
free_thresh: 0.196

